id,EAP,HPL,MWS
id02310,0.05522239388341900618,0.00589898075452275229,0.93887862536206145858
id24541,0.98975253942506113969,0.00738225305336500087,0.00286520752157956755
id00134,0.03334169886754842493,0.95553710839848371439,0.01112119273396842967
id27757,0.45818858074153162585,0.53566689620634655444,0.00614452305212251620
id04081,0.70944444474816137358,0.15124957072488057208,0.13930598452695480693
id27337,0.98654835490808046039,0.01269981104912599155,0.00075183404278690602
id24265,0.90685855917210000943,0.08265601010159516482,0.01048543072630263827
id25917,0.01566379809188102670,0.06854749951682116704,0.91578870239130227837
id04951,0.99373284742675971337,0.00613386796445357634,0.00013328460878438825
id14549,0.95611047981894725645,0.01093241398038669217,0.03295710620066268082
id22505,0.14941357363758001053,0.03293026457924434769,0.81765616178318190066
id24002,0.00073213861148303350,0.99811796568091337711,0.00114989570759832906
id18982,0.30324396398260333729,0.37893278769876281853,0.31782324831863295600
id15181,0.01608445494237577267,0.98297068618332417156,0.00094485887429874378
id21888,0.88663651925059150383,0.06087083494099087416,0.05249264580841560279
id12035,0.00123326426363785436,0.00014255371008179633,0.99862418202628044916
id17991,0.20114733487960378966,0.01864477427459240375,0.78020789084580166595
id10707,0.99999075545022630962,0.00000210045142918390,0.00000714409835050685
id07101,0.45268850248670916558,0.04528954909465070233,0.50202194841863811980
id00345,0.32257447690545654195,0.66471347116258350241,0.01271205193196236864
id05912,0.85871927939875514202,0.06920510866204367117,0.07207561193920389297
id13443,0.98601767796766925933,0.00625398805045182613,0.00772833398187664986
id09248,0.11100960202735102311,0.04393713957600600684,0.84505325839664635623
id17542,0.01308797855142353889,0.97208662758943409354,0.01482539385914090346
id06995,0.00673446570205822430,0.00004674282313748358,0.99321879147480773842
id25159,0.68506340917149111114,0.05325285089665781485,0.26168373993185012338
id25729,0.36117040935661787193,0.52700081426114531169,0.11182877638223788497
id26949,0.97168535829093660716,0.02376850800628785981,0.00454613370277289711
id27191,0.07045683251541406955,0.00484878763879275417,0.92469437984579982981
id07668,0.10711238075119955404,0.00045184523694681588,0.89243577401185847364
id02230,0.03737224291739836557,0.40726741598050519855,0.55536034110209941961
id15553,0.99908749899741156053,0.00001553988678245865,0.00089696111580876735
id25688,0.00244902050961006822,0.99538955898813696876,0.00216142050225061897
id17545,0.98197347341057894532,0.01451393894935448271,0.00351258764006348546
id13929,0.08448021451674650462,0.66859891816143646182,0.24692086732181622866
id12880,0.67956523918873223966,0.14551477633683954083,0.17491998447442602682
id19282,0.94670586567113290677,0.00932675809814432002,0.04396737623071965417
id14690,0.00067758391791228280,0.00027619715564459817,0.99904621892644074332
id17975,0.05285880862362064142,0.92979881448168977265,0.01734237689469376315
id08037,0.99373160353200018502,0.00018315520802608966,0.00608524125997876586
id15412,0.07261714257928228444,0.00249813760748083353,0.92488471981323749915
id25032,0.71588266721148796634,0.03432442567254349874,0.24979290711596940922
id27165,0.99981455228564541926,0.00006556093950694882,0.00011988677484731543
id03327,0.65659173318885066806,0.31211046809498216303,0.03129779871616732156
id18515,0.69156073600993439587,0.07470825327989208398,0.23373101071017560182
id21003,0.15982315336799041150,0.00883051954606756118,0.83134632708594102812
id23855,0.00897684051594339547,0.90487234355423773469,0.08615081592981792269
id20724,0.89598952092795514091,0.07673452720239587466,0.02727595186964777360
id13303,0.33473866430332205324,0.03254207010890165785,0.63271926558777702443
id16521,0.00253161920435814080,0.85193126905632110546,0.14553711173931596634
id20775,0.99887991847153523306,0.00025557336525437789,0.00086450816320456927
id13029,0.98597326206894864153,0.00822101513539754726,0.00580572279565831195
id14660,0.80600616356890786296,0.15721591040729113176,0.03677792602379746645
id11028,0.00571601278149468355,0.00052858847622693807,0.99375539874227936110
id14180,0.96898155637624072689,0.02615771584814913578,0.00486072777561141929
id25860,0.99813824423712238509,0.00111493923719944467,0.00074681652567652268
id11910,0.48033190958992050268,0.02037015459064258488,0.49929793581943776593
id08065,0.13911989617150469223,0.00538824171505222944,0.85549186211344563358
id22674,0.00340699266168250411,0.00060917264968277682,0.99598383468863005419
id25018,0.27513304963082230170,0.01554942787022966025,0.70931752249894619577
id10892,0.00706946984127065046,0.99117456367637535308,0.00175596648235769271
id10217,0.56746321182583581155,0.40421298896351376406,0.02832379921064559145
id12996,0.08367410631736972582,0.12685434357925712279,0.78947155010337310976
id18262,0.54534358950158690060,0.16325047847423115877,0.29140593202417863772
id08606,0.00412714853158603796,0.99421185682688506535,0.00166099464152938761
id17233,0.95950650525059233420,0.01874131583849473690,0.02175217891091171807
id00101,0.68101110333805492392,0.27361952582736770445,0.04536937083457911329
id12225,0.96335591370270079459,0.03290669852528630562,0.00373738777201098899
id01364,0.00328262614682824907,0.99368360328996940822,0.00303377056319916643
id24973,0.55083549208538296060,0.01529841208016580363,0.43386609583445046034
id25363,0.75917465212173018685,0.00051349054185446008,0.24031185733641333147
id10061,0.24139700523043947089,0.01357160594656896604,0.74503138882299191348
id17673,0.06149816188561181562,0.92891454804352868724,0.00958729007086142268
id13249,0.27068478950504026859,0.10938830786025185993,0.61992690263471050827
id10107,0.02298367887765881065,0.00992833284607474130,0.96708798827626707428
id04403,0.86373579134735201102,0.00299472541197074935,0.13326948324068263463
id25728,0.87474543263292636741,0.04538638997940704078,0.07986817738766914532
id16184,0.06047658391836437108,0.05091687406801792548,0.88860654201361533033
id03438,0.00486952102141524276,0.00014034301231887538,0.99499013596626839639
id22923,0.00091439823041882310,0.99899623418916472239,0.00008936758041390508
id08610,0.99937751968386323576,0.00029646013362073618,0.00032602018251633554
id25355,0.01995536416026696264,0.00689067646930346250,0.97315395937043314145
id16916,0.70885618345082490599,0.13671335910890625165,0.15443045744026986932
id12793,0.01181026173586362943,0.96217346392565450408,0.02601627433848048912
id11859,0.60518560462501747033,0.02411204173216122820,0.37070235364281778345
id02434,0.99996232388437689131,0.00001623602758327909,0.00002144008803313931
id27703,0.00121273993484130160,0.00027333702682949215,0.99851392303832897657
id25212,0.07924886081590087894,0.89716996059382192463,0.02358117859027502802
id11308,0.10044274518658857787,0.03605411576303944876,0.86350313905036923945
id26094,0.99447391324451506200,0.00255792176979070460,0.00296816498569083551
id22080,0.66015111519081870473,0.32748066074198189934,0.01236822406719739233
id03545,0.99900828555577314560,0.00080164293578588940,0.00019007150844003437
id23725,0.00174277825842527028,0.00340881275897502757,0.99484840898259685460
id12009,0.74199238085335295079,0.17994721717672576555,0.07806040196992281022
id24241,0.01473815164688723790,0.23067114702560967410,0.75459070132750316606
id03596,0.00174606023642343098,0.99709111078117595994,0.00116282898240667345
id10749,0.07110012686880363975,0.82707220615062848612,0.10182766698056583410
id22794,0.01717690556151467082,0.00177125565224840482,0.98105183878623514193
id15482,0.28631739024989411035,0.55839772483628546951,0.15528488491382141934
id04833,0.87191720874626887916,0.11354199932932731998,0.01454079192440769185
id00397,0.00183591099721279135,0.00004797999871486354,0.99811610900406699809
id14691,0.06005382088131137885,0.02451332255082887962,0.91543285656785555737
id05193,0.22927995594473307706,0.02156962061409290268,0.74915042344117144246
id19541,0.96306479599426875193,0.01060884317944601335,0.02632636082627932278
id22166,0.00461338046871114654,0.00113793357687691195,0.99424868595441895369
id20744,0.00216441052227074864,0.00014995154935191254,0.99768563792837783311
id10392,0.00036196018020314351,0.01072531615714449396,0.98891272366265603466
id00770,0.99060085711267220621,0.00775472794823442793,0.00164441493909291180
id06018,0.93208680083463057997,0.05220068595605664719,0.01571251320931008402
id15678,0.36105213682652520513,0.02315119522515888401,0.61579666794832033094
id08305,0.98551397065372059458,0.01136093361346621720,0.00312509573281211789
id08903,0.29990737907072662072,0.01179187555199827028,0.68830074537727337081
id14752,0.10340018708284709481,0.88751745123496372791,0.00908236168218613978
id12468,0.09878045640323215859,0.88523246594745541582,0.01598707764931079842
id05085,0.71345537236241918233,0.27724104956933398602,0.00930357806824935740
id21993,0.13512164835032655641,0.00358924003116511264,0.86128911161850518763
id15503,0.72063359566558937708,0.26338703075638952855,0.01597937357802389421
id03021,0.00082544662487572665,0.99732906540386589977,0.00184548797125341866
id16123,0.99405217756059272016,0.00334280075829893400,0.00260502168110894692
id19383,0.99081384756587986828,0.00571945820707020405,0.00346669422705365212
id04186,0.99482040967296403444,0.00032280667660633126,0.00485678365042880016
id17954,0.00385389783133761703,0.00028764416889336342,0.99585845799976935311
id12030,0.14406672013603541438,0.00586341043248284760,0.85006986943148343805
id13020,0.95865319479453070528,0.02429736359961180356,0.01704944160585938548
id25327,0.01186712879030763813,0.91499608379852870321,0.07313678741115836601
id16344,0.35946354572461575172,0.06106788730904585960,0.57946856696634063688
id12303,0.22838215465906844259,0.71546689213017256037,0.05615095321075590229
id15017,0.98329163152315579577,0.01597196637554182397,0.00073640210129566992
id22308,0.31978700851467012356,0.06475501192644946002,0.61545797955888237318
id06536,0.00017787261401790060,0.00026043825735788353,0.99956168912861798059
id19797,0.27407604305707949921,0.68103040013208704373,0.04489355681083584404
id06332,0.32970964985252926294,0.43978004056728875470,0.23051030958017848516
id22941,0.06241695145684614254,0.28222681669071919552,0.65535623185243119249
id13547,0.03696029056556000142,0.01601127020470331438,0.94702843922973467539
id06928,0.00089543343924876817,0.00008304223694533185,0.99902152432380642022
id12521,0.51587845470340520926,0.45716658650856750734,0.02695495878802912221
id25716,0.89337112397251949858,0.00575445489639745279,0.10087442113108120723
id27116,0.00031587780918990171,0.00000083974964309140,0.99968328244116366754
id19941,0.10270545173930303862,0.83470557019134883348,0.06258897806934730912
id05711,0.00014537319462554134,0.00001575877561180844,0.99983886802976229546
id02097,0.00683955036282685256,0.00416827011996434571,0.98899217951720885811
id03563,0.01748469491681318294,0.97793172418396212553,0.00458358089922018472
id02295,0.04519387115571236319,0.90743075555217966865,0.04737537329210955023
id08179,0.99998535082779338445,0.00000786617740399010,0.00000678299480365541
id05332,0.03431441806556558699,0.91632098945706585980,0.04936459247736928180
id15697,0.58108403318148660333,0.02832974401955408797,0.39058622279895843787
id17026,0.11424137809520909514,0.02120173619637950868,0.86455688570841160434
id04243,0.91997481195200492277,0.07848481271554058614,0.00154037533245696742
id13175,0.99992415292061553878,0.00003938861758130985,0.00003645846180555400
id05387,0.97104313350683013617,0.00800159710050121070,0.02095526939266932273
id19989,0.83731432035835839933,0.06473048503729908476,0.09795519460434254366
id25173,0.32627185574063366502,0.01736426188051002142,0.65636388237885401331
id08925,0.00497371104072725275,0.99191862034269484560,0.00310766861657635471
id03034,0.01360481213772294848,0.86361208704353753518,0.12278310081873874959
id13272,0.00136401455953688295,0.99535695919451039337,0.00327902624594847945
id07956,0.91256587924698806535,0.00494566592803414532,0.08248845482497599302
id02648,0.01936076967041114663,0.00981777048864823643,0.97082145984094148083
id01778,0.03712857213151422170,0.00377050315127160822,0.95910092471721075658
id12846,0.00107829604704193834,0.00020195574548351319,0.99871974820747166923
id19001,0.08850484163345159749,0.02724482026317316327,0.88425033810337849705
id05763,0.40021283970152038423,0.13095862900203908419,0.46882853129643731194
id15590,0.00075009943894253331,0.00002349536654477072,0.99922640519451455532
id04912,0.83939472637156042900,0.08894312194299316965,0.07166215168544577685
id21201,0.81596747455178353370,0.13517542898536927254,0.04885709646284747132
id13215,0.99017928173962754812,0.00094090793556127737,0.00887981032480783354
id15612,0.21321451230539315014,0.77286848692012000139,0.01391700077448907932
id18501,0.01964275954290411325,0.04150852590557022048,0.93884871455152518749
id07223,0.56302822563205945361,0.39228732501374224961,0.04468444935419724900
id06707,0.44395555357008109620,0.18784421663413508607,0.36820022979578292954
id05238,0.00094270745411345353,0.99848631228517181757,0.00057098026071791374
id00935,0.00538605413185782190,0.13911046213895825185,0.85550348372917850437
id00110,0.94404569014773120905,0.00398391110307656608,0.05197039874918771285
id17476,0.85248480982979935039,0.11636253686397043938,0.03115265330622745202
id15170,0.99930598785350777113,0.00054562162676789956,0.00014839051972034533
id13397,0.24407904596932336605,0.09621744260278486394,0.65970351142789429577
id24283,0.50180319399550699089,0.18236245863529712552,0.31583434736919158148
id15234,0.98646578302040532904,0.01202566133004498439,0.00150855564955082000
id16884,0.44515840192215705429,0.24812531414688099307,0.30671628393096111997
id07831,0.36009675888074499372,0.44639158569451914405,0.19351165542473236503
id16038,0.84203805961523425783,0.15023988166012788859,0.00772205872463943045
id03629,0.96254516000093970352,0.01745584555768014620,0.01999899444138179133
id21019,0.85252543768926847267,0.10598731041086248417,0.04148725189986830070
id21835,0.72155961021554382295,0.11096918891796558881,0.16747120086648792370
id04480,0.10282173688401034795,0.89646223542695502307,0.00071602768903245115
id20838,0.50705825044153007841,0.43018560995309346184,0.06275613960537622382
id24195,0.29434167200206445836,0.29927013197643037579,0.40638819602150316745
id05448,0.88734434321293420567,0.07354681264084773906,0.03910884414621153965
id15957,0.26461454537281353661,0.70808641279320094775,0.02729904183398737874
id19956,0.00089100614173992911,0.00006747050038737072,0.99904152335787255179
id15104,0.10361710040156736634,0.06272150880590172950,0.83366139079253098743
id17559,0.45583336716836142521,0.46003996190714757653,0.08412667092448866679
id16839,0.04732152780410441018,0.02282253247030470097,0.92985593972559010822
id14493,0.63229722367277774175,0.07890890583490856036,0.28879387049231641793
id08833,0.89991505309406860658,0.00924883450879558471,0.09083611239714128871
id15723,0.08657062873941610837,0.01296763582892920645,0.90046173543165386466
id02716,0.98815157977512368959,0.00541638928631769240,0.00643203093856296003
id06689,0.01300043738601083625,0.95414893247215659677,0.03285063014183367547
id18837,0.82008551582003097469,0.01394883487669043402,0.16596564930328294718
id04466,0.98664555677734055994,0.00409815796066332651,0.00925628526199919442
id00686,0.74237703513731845284,0.03780326354907724562,0.21981970131360678566
id09010,0.12959207174003270491,0.86270707451503703123,0.00770085374493037055
id23353,0.94061138738910510249,0.00687569085400842762,0.05251292175688785507
id00066,0.81796831888959320445,0.16171836673546038932,0.02031331437494341211
id15724,0.06055015766473544753,0.91544124094769963040,0.02400860138756621617
id23486,0.10513728826366712521,0.02519274321874722181,0.86966996851758737730
id22258,0.00239555247891734416,0.00274292461851326132,0.99486152290257079400
id02292,0.79868076707727286845,0.13635281015551076189,0.06496642276721374676
id16356,0.23341237845477513790,0.02340483008575019314,0.74318279145947785391
id00235,0.97974852823830738124,0.00101018697338123862,0.01924128478831086189
id25522,0.11718763909458698724,0.00239155556016119137,0.88042080534524502777
id04204,0.12999618639301457890,0.84792954526270969406,0.02207426834427495682
id22016,0.92706245296723932547,0.03920199523549078302,0.03373555179727142500
id06480,0.20259663538802380467,0.76783166011799786066,0.02957170449397420950
id08718,0.06734783850027516172,0.00047227298297585878,0.93217988851674982165
id05251,0.00019063985855528827,0.99952250706469547570,0.00028685307674573601
id03359,0.98972927326141058035,0.00166851266199490120,0.00860221407659381501
id16117,0.01593749848747459674,0.00050011965782292161,0.98356238185470168389
id17000,0.00114207951183299011,0.99849372062583707788,0.00036419986233052030
id01730,0.01061109820400527905,0.98283239827630197727,0.00655650351968920918
id00630,0.70262722352537299031,0.24441159028114295415,0.05296118619348409717
id18175,0.05699731597207655792,0.00225312556852833978,0.94074955845939778332
id00907,0.88777219104219617929,0.02664694837911703654,0.08558086057868401209
id18251,0.06721584177006052763,0.92968883050088579889,0.00309532772904962334
id25861,0.55513509494012225343,0.08833901238232773345,0.35652589267755108171
id00398,0.88757387594789105556,0.04566983982891977684,0.06675628422318968802
id27573,0.99812899480806471786,0.00007206871019880211,0.00179893648173559337
id10022,0.03771683674553870380,0.56288124278673001832,0.39940192046773248524
id15901,0.09199644273432526498,0.00051653974789107784,0.90748701751777838265
id00451,0.04845914884692290731,0.05641885193729836989,0.89512199921578561312
id23129,0.06124480302060512221,0.90968982520113705892,0.02906537177825503984
id26498,0.41193284422565196179,0.41531412930912381398,0.17275302646522444627
id14741,0.40370908669069593966,0.52487452553820279633,0.07141638777110426162
id18453,0.03429825785286667178,0.01198590971622647341,0.95371583243090662929
id08309,0.80546680796322145390,0.15754797944503268203,0.03698521259174324810
id00320,0.99997716565273253586,0.00000112876554927350,0.00002170558172283149
id07688,0.05042960537377209895,0.16891957052281672547,0.78065082410340791430
id01556,0.00834634118581326599,0.00170996783392701355,0.98994369098025725151
id00178,0.29415442386473744651,0.06551845850029766605,0.64032711763497118795
id18902,0.01317480425945204148,0.01018424701985147333,0.97664094872069984188
id27002,0.26046863528936498033,0.72009653054059941102,0.01943483417003489047
id21418,0.99929019812331809636,0.00059232636222583885,0.00011747551445643329
id23018,0.02539407629786435971,0.05061600659784349504,0.92398991710429023705
id07032,0.12378655152897170832,0.01786959505396881406,0.85834385341706276318
id16195,0.98026059023750489185,0.00447892699880112453,0.01526048276369686499
id11202,0.11029180109627623185,0.86095424185661939553,0.02875395704710480282
id09578,0.85902745677965852700,0.06901476834502426327,0.07195777487531837546
id26984,0.96567886790250656581,0.00218593364627087334,0.03213519845122432550
id19856,0.03736014922935065874,0.95456226591418280591,0.00807758485646268426
id12086,0.17924527674853812931,0.06294686596753100438,0.75780785728393429412
id12052,0.01943590529156319704,0.00494196463628703269,0.97562213007214781957
id17728,0.00401374429068636525,0.00139932103856798998,0.99458693467073977512
id24608,0.40222188203489095404,0.01320467159322332752,0.58457344637188235481
id21097,0.14325587842502510161,0.02221315922683618840,0.83453096234813983756
id20179,0.00028505784618714056,0.00003460398244417085,0.99968033817137536001
id15144,0.41978693201611605446,0.16884838191941928254,0.41136468606446813245
id00206,0.99431913703981067432,0.00077991876267067173,0.00490094419751811814
id22285,0.00227716984121703733,0.00046760095660709002,0.99725522920217879452
id06417,0.16266916662549424366,0.38480203225102010967,0.45252880112348403685
id00215,0.17693067431297535008,0.82016825712912866386,0.00290106855789352578
id04201,0.59325926650277949204,0.01314321630597082256,0.39359751719124685954
id21771,0.98315275256019651895,0.01250627861954342612,0.00434096882026314534
id12451,0.04753797521703423401,0.13819043616724727142,0.81427158861572146442
id14250,0.12083014530723688862,0.71519147939507154987,0.16397837529768957698
id03433,0.09996666100666189159,0.89002720977670835012,0.01000612921662454372
id03303,0.02439269835725361643,0.00377724415964971220,0.97183005748309625460
id25901,0.19421503976264578584,0.56048428440758835123,0.24530067582976322615
id06945,0.30155754497188713703,0.02864577547526357335,0.66979667955285016046
id05664,0.85738027039738784474,0.07446912651195668198,0.06815060309065873456
id05741,0.99874788171517736579,0.00002361708837218729,0.00122850119645142447
id10652,0.75125082229622530683,0.18389777587755623545,0.06485140182621901284
id16300,0.94940996775755193138,0.02614343250474364735,0.02444659973770780745
id12319,0.72239900934644607489,0.18691424590847993681,0.09068674474507248950
id07500,0.03653829816971470440,0.96100886347531744303,0.00245283835497348696
id12478,0.39224616983978993767,0.21974455785505403460,0.38800927230515741551
id03076,0.01444316215199746567,0.00106340227004636154,0.98449343557795387927
id00969,0.23457301471111174918,0.72019555581652117127,0.04523142947236676731
id23636,0.02137217022054092863,0.94604326025205820461,0.03258456952739866713
id09791,0.07841783840668779815,0.11886590042340737516,0.80271626116990457689
id05680,0.03412802539964009119,0.84226552323918957299,0.12360645136117612286
id03672,0.02802924988587239194,0.95149421978426951263,0.02047653032985974342
id04286,0.01447145099407584276,0.77815674893977626603,0.20737180006615346661
id23883,0.01165737355926041788,0.29188650094144996672,0.69645612549929192259
id11914,0.35258222623770474335,0.01505786084819563109,0.63235991291410309501
id20974,0.01646351153496788955,0.97904622650592598720,0.00449026195910728378
id26125,0.06188103521226945292,0.01936582330262659121,0.91875314148510178747
id15543,0.24864849229103078154,0.00506164178236329521,0.74628986592660750965
id19471,0.99977845098664086532,0.00011919760274994272,0.00010235141060844542
id11503,0.86703642146546555658,0.08882697976786467498,0.04413659876667246074
id09321,0.02895987777372521429,0.85744698664607721383,0.11359313558019459856
id25560,0.00008606968679203643,0.00015162169923826820,0.99976230861397219485
id06726,0.74117709697286837667,0.12031971940859964576,0.13850318361853020122
id05709,0.97360395045345715648,0.00192640165203786435,0.02446964789449928082
id09788,0.28272195631761043444,0.48480205574333190555,0.23247598793905960290
id05289,0.99995468224885941666,0.00003451766465869055,0.00001080008648421913
id11815,0.02013129501483807565,0.96411951988448318929,0.01574918510067783994
id22422,0.90616934128827297812,0.06441927523801439792,0.02941138347371445930
id25954,0.95381187719506543843,0.01052405790502899084,0.03566406489990606860
id13601,0.84623835884498044280,0.09255548748436642770,0.06120615367065542628
id05677,0.90495357774061835343,0.00555045908095586245,0.08949596317842653526
id10498,0.04302523813274453102,0.95632359300372193900,0.00065116886353507139
id02665,0.45781674514942444221,0.45967963330296651714,0.08250362154761201050
id10114,0.37256277234182300084,0.39533964767033474841,0.23209757998784108501
id26314,0.81203512205917727229,0.18041199145304401275,0.00755288648778100480
id21240,0.04441812018036450649,0.04258432813415914675,0.91299755168547880313
id15569,0.95601911953349849593,0.04073620082531391462,0.00324467964118300110
id25928,0.03591064592806510886,0.07262090722669997667,0.89146844684523596225
id22706,0.05163849425422014500,0.94627282025235148755,0.00208868549343144616
id20877,0.01971301757852857162,0.95549691551179471993,0.02479006690967177837
id04318,0.97570004186879222274,0.00254385525384756518,0.02175610287735949000
id18299,0.28504574231277624019,0.61881226319667703706,0.09614199449054766644
id08126,0.01275059968768337687,0.00642882953779224959,0.98082057077452722282
id14293,0.17807129178220618138,0.01966456341918288928,0.80226414479861163365
id12759,0.99665164133148109737,0.00037634462977347504,0.00297201403874702060
id11983,0.10588592377817135359,0.10470250394908640901,0.78941157227274305619
id05580,0.14910940652899726255,0.77028440139801557240,0.08060619207298999611
id25846,0.42440299273532872126,0.46071084001414058795,0.11488616725053260592
id01939,0.76073341689150064671,0.08194738834416456785,0.15731919476433112171
id26327,0.05523944914664297157,0.78969643224294783224,0.15506411861041033418
id11068,0.00113455462420111513,0.00006134063884805347,0.99880410473695213636
id08404,0.99494944552747077715,0.00097793353412178917,0.00407262093840305480
id27189,0.42915225712087101684,0.56406187692050568927,0.00678586595862664711
id15119,0.00653987156514204172,0.98415530368779502446,0.00930482474706335189
id26525,0.98296375604306507334,0.00106471337007669510,0.01597153058685752552
id03618,0.93413551373997860683,0.05802304995411124849,0.00784143630591053499
id27220,0.99901821220371578303,0.00027260936445716360,0.00070917843182132911
id18777,0.01258923860976440649,0.00057634896835705358,0.98683441242187763809
id20213,0.97291812958686829660,0.00386952825349351059,0.02321234215963761602
id20403,0.99451572952979383491,0.00380754563344125633,0.00167672483675813792
id03777,0.05383068012169258537,0.10852529393224508159,0.83764402594606934827
id10595,0.14007534230728962976,0.78856517359021294222,0.07135948410249122464
id13816,0.25037378049379277467,0.03976832804025649121,0.70985789146595179577
id05667,0.01620940444324886140,0.00385233526765934881,0.97993826028909292170
id24629,0.79693738920345746912,0.02485459316026633961,0.17820801763627663883
id20398,0.56646616119369375131,0.08131272420942943502,0.35222111459687677204
id14108,0.00016036614209593460,0.00001592494258261905,0.99982370891532468260
id06196,0.00570513250438210804,0.99346678220978501539,0.00082808528583332359
id02800,0.86629853236223297586,0.11830580197493140160,0.01539566566283529989
id18732,0.00188853108333499943,0.99313584635642748744,0.00497562256024056300
id11915,0.06735798120319420879,0.74659550787824580098,0.18604651091856172496
id09739,0.92938235138084068776,0.03721209250365985904,0.03340555611550240916
id24672,0.98601558131676958485,0.00088146800467250679,0.01310295067855981113
id00414,0.00015968144884956990,0.00073412077868095337,0.99910619777246822970
id16307,0.99339298551929655634,0.00313232124271580663,0.00347469323798941816
id14043,0.07454366010504834272,0.00354295944390282860,0.92191338045105042376
id00517,0.00024172736305079175,0.00000587299608187575,0.99975239964086948241
id09744,0.99375181082747388039,0.00537541746740886374,0.00087277170511244190
id19257,0.98887633045491096784,0.00220407965984248952,0.00891958988524521601
id15437,0.58143274152295210122,0.40030147283001787928,0.01826578564703014440
id16352,0.02941382746838102843,0.04829292880930152743,0.92229324372231469287
id18849,0.59153388939374496047,0.04173833724664994388,0.36672777335960349276
id19434,0.00013690643672281414,0.99985814216818280631,0.00000495139509206253
id17928,0.30001956619195147002,0.04441180894843348853,0.65556862485962208442
id16896,0.04754293969800305053,0.00510037616655932731,0.94735668413543594468
id02135,0.11204585984633839979,0.35534719517622131990,0.53260694497743710230
id15075,0.99465490797062505735,0.00420549971788501849,0.00113959231149184971
id27486,0.00036012843274331474,0.99962082456594247848,0.00001904700131740728
id19422,0.69255311455636980877,0.30493319094399012892,0.00251369449963722257
id09603,0.17851464513652587351,0.76777677429019897115,0.05370858057327294183
id02133,0.00880434930843958762,0.98408609383052048081,0.00710955686104297428
id03441,0.56569630934871528716,0.00360171461447425295,0.43070197603681309451
id02398,0.02216067416087479439,0.97616252577800088908,0.00167680006112381108
id05152,0.05003902021782944548,0.00746414480179718315,0.94249683498037228890
id17838,0.15766203441036336086,0.02636771887500883454,0.81597024671462747847
id25060,0.99905041099416813655,0.00070151088393827568,0.00024807812189742081
id09998,0.02098373296946952696,0.03970761104342186709,0.93930865598711088538
id01828,0.21863208293159550055,0.69848921291356125263,0.08287870415483711284
id25377,0.35434301981506927115,0.02551231571745493296,0.62014466446747895656
id22175,0.33430504872903460400,0.65934930897357235668,0.00634564229739170878
id02974,0.01463873746855305982,0.01155354416788924310,0.97380771836356072590
id26955,0.99499947092107976498,0.00471204368284159226,0.00028848539607529333
id21091,0.94404698457326352568,0.03047525341375220687,0.02547776201298844467
id12802,0.72755661864798082394,0.26159263123334358658,0.01085075011867432486
id07432,0.00011321749651349163,0.99958475421187198418,0.00030202829161812204
id18749,0.02436732657520889606,0.91616526763841765746,0.05946740578637811636
id15030,0.00220748885146214826,0.00054730872933585770,0.99724520241920289187
id17155,0.00548152287882009131,0.99427484535306820401,0.00024363176810843483
id08128,0.01885427449714292825,0.97574258646421108132,0.00540313903864301885
id25706,0.01443343500304896873,0.96303591099512675378,0.02253065400182163724
id15645,0.95036713670776884477,0.03271555878056961464,0.01691730451165832441
id04943,0.80026983770610538027,0.09261375304024233035,0.10711640925365135957
id27566,0.00340560498661784082,0.00062657114597374202,0.99596782386741133930
id11765,0.34402102734660761074,0.10995550625793798494,0.54602346639545162876
id13783,0.12689043008360911813,0.84121439989888258104,0.03189517001750676040
id00492,0.01255513971778928969,0.00229128118236630613,0.98515357909984335727
id27636,0.09778133744856105924,0.01948271496739069353,0.88273594758404294591
id04273,0.88598959650387354436,0.02549792089961211428,0.08851248259651281480
id02537,0.06506272034620570743,0.03929963151017459161,0.89563764814362112343
id24349,0.87661010624263135949,0.11516453600200478313,0.00822535775536072447
id00023,0.00186554060280894811,0.98343184967950680875,0.01470260971767913677
id23025,0.07511754944749761409,0.91262710848350303561,0.01225534206899215640
id08722,0.95185624867263096682,0.00684705263279955251,0.04129669869457160830
id02420,0.99957695590977979627,0.00033430845206369926,0.00008873563815026929
id10811,0.98682482706020890895,0.00406101676257655374,0.00911415617721824528
id04019,0.00317532652557176494,0.00103378461333929758,0.99579088886108202416
id18334,0.92170654560627685026,0.07424477483587461901,0.00404867955784629033
id16781,0.86095448714644873256,0.11085908940440049320,0.02818642344915010464
id08773,0.56606108471563942874,0.43023335004502788470,0.00370556523933560306
id19214,0.70129309738983036659,0.09100417190897001907,0.20770273070120193193
id09589,0.00033363962587453215,0.99935594147511219720,0.00031041889901012423
id24246,0.94327391473505317609,0.04764020432987512571,0.00908588093506568564
id23577,0.12068655638166861377,0.86752236151694561705,0.01179108210138392170
id09305,0.90695522965315089614,0.01438453700899103467,0.07866023333785639171
id16460,0.05953053368128826545,0.05527655202232638343,0.88519291429638724544
id21115,0.51223325018558030219,0.05223017436741478337,0.43553657544700175031
id25996,0.77298165920789907446,0.07810624083841699594,0.14891209995368470675
id02551,0.00034136426713542075,0.00017907974800204679,0.99947955598486004636
id19352,0.01526261710933238085,0.00000945915565296367,0.98472792373501294438
id03806,0.06410189500541182972,0.01578875645837315295,0.92010934853621173524
id26544,0.96693444762765257128,0.00382049280239804469,0.02924505956994843600
id18761,0.93131540512146204769,0.01928890830709450652,0.04939568657144655789
id24148,0.51270346076304873506,0.48226679284636386758,0.00502974639058564009
id16095,0.10520023451909624179,0.86383760824489341790,0.03096215723600779027
id18442,0.89320676591688707990,0.04879933779888891848,0.05799389628422161463
id22596,0.00002713729937980464,0.00000252400516420357,0.99997033869545615126
id23002,0.01121832278469124707,0.00148811491415380020,0.98729356230115228321
id04797,0.99708806342198630368,0.00078575478851980300,0.00212618178949706797
id06610,0.06583709321512443147,0.01464811778581978988,0.91951478899905836339
id16173,0.38336787156762625051,0.57556530568831421046,0.04106682274405917821
id18292,0.02484309605583503305,0.00402243624447071006,0.97113446769969224981
id27328,0.97020262599961604177,0.00496788713190635285,0.02482948686847893938
id01695,0.00051878648548110272,0.99929603402811151280,0.00018517948640459596
id05761,0.27312492346980177249,0.00136978467194074824,0.72550529185825896050
id16354,0.82515154319764238977,0.00373246307914246915,0.17111599372321251167
id12207,0.02117865566193216989,0.30457003882451039178,0.67425130551355683117
id05665,0.17088104385794394835,0.01554186519513929207,0.81357709094690977558
id01911,0.95614744327026690573,0.03519542002497901001,0.00865713670475424732
id19153,0.17146665150538203948,0.00811376313813877773,0.82041958535647285800
id10295,0.62106940945473287918,0.21852310425535170779,0.16040748628991602365
id23038,0.45845580662458829124,0.42972435960044930159,0.11181983377496107490
id23783,0.13536517070701734045,0.86162826371187362096,0.00300656558111203837
id27879,0.98063715442467336292,0.01574568102667976352,0.00361716454864842961
id19190,0.00799303680573599032,0.99190138867913524301,0.00010557451513199623
id05065,0.98391907009316603716,0.00884509387141326972,0.00723583603541748215
id21296,0.08077259442193913952,0.88457695102917754948,0.03465045454888649595
id13262,0.13635857790248548382,0.58667772963461628510,0.27696369246290031274
id10333,0.96240976556490720473,0.01487480779444049633,0.02271542664064569658
id16677,0.06819550948979023752,0.52877387659857988389,0.40303061391163086391
id01392,0.17811768701720528951,0.00971623968411714466,0.81216607329868062415
id27874,0.91685682855775618716,0.04934666290876824762,0.03379650853347389294
id02294,0.00012464523464215022,0.99772011422909190337,0.00215524053626587817
id18298,0.00342668712607496415,0.03673704789519203345,0.95983626497873020256
id06997,0.98751464002885502858,0.01020044727574783566,0.00228491269539623371
id05243,0.34816968131212000515,0.31797749191078228392,0.33385282677709826604
id00860,0.12439372863090447652,0.81377242292970508597,0.06183384843939431635
id26681,0.99991883416226456927,0.00006218188294700691,0.00001898395479392072
id06020,0.00220859446143972446,0.00000944768805127658,0.99778195785051582156
id27683,0.93644249646007338139,0.04602572461247204233,0.01753177892745262645
id17655,0.03050553907426901620,0.96512263515865726049,0.00437182576707964825
id08817,0.03428212753284888559,0.02091809503248731952,0.94479977743465859419
id11512,0.00983598724542860195,0.00551079861985138367,0.98465321413472128853
id00478,0.04815480407159855591,0.02710646385370252959,0.92473873207469836633
id02116,0.87333374323505330583,0.02937994019186780659,0.09728631657307984515
id06746,0.99020708779146893175,0.00797970782640416293,0.00181320438212767077
id03863,0.17712416129936275899,0.81345283704033499728,0.00942300166030051421
id01802,0.52881061463102108089,0.32243145692290509086,0.14875792844607294008
id11682,0.78429751716613904655,0.01430808462763289747,0.20139439820622959121
id04033,0.00440510466487110345,0.98653970753254682791,0.00905518780258431077
id09286,0.32279340339693718409,0.35566516197803121901,0.32154143462502660089
id12904,0.99991249806833992775,0.00008457355078750254,0.00000292838087628783
id07420,0.00441960207032269375,0.00338065657506428060,0.99219974135461930231
id22398,0.00087640122872617251,0.99594188069588474033,0.00318171807539200302
id00424,0.02355340056331175699,0.04736311447501161814,0.92908348496167814101
id20960,0.99062774899113359428,0.00813289054986237811,0.00123936045900275454
id10267,0.16129037873762477884,0.81240936954243792023,0.02630025171993637806
id19330,0.27431021597911187104,0.01088068049242751911,0.71480910352845872247
id00994,0.00963272961293239714,0.98306281354153279839,0.00730445684553640302
id10785,0.91883428704310599056,0.03339750016216312678,0.04776821279473167370
id00955,0.00727039850699924117,0.98882863131526632650,0.00390097017773138226
id09757,0.02082928766107258745,0.97294782912451793777,0.00622288321441064225
id10030,0.03293436581932934065,0.31185826282266565501,0.65520737135800399820
id22952,0.04779901315816546814,0.26658110957179909084,0.68561987727003192994
id21955,0.00054780327595275861,0.00468651244489676905,0.99476568427915368353
id07674,0.94445326951315766717,0.01604293912235182917,0.03950379136448709666
id13760,0.01468466370902926643,0.98258830569054622650,0.00272703060042998272
id18166,0.94938938040111675587,0.01111814211438933928,0.03949247748448758699
id23498,0.99540670523715180096,0.00439478798648879499,0.00019850677636121524
id05296,0.99186338361309489553,0.00159740619290698509,0.00653921019399626453
id26709,0.99710871633673925363,0.00136984408813377507,0.00152143957512500478
id02853,0.99523071408602448162,0.00277110029491262977,0.00199818561906355214
id06800,0.59750165555018719399,0.17546124461806300587,0.22703709983175127118
id14758,0.34436846830948275588,0.62366809204992135207,0.03196343964060135295
id12356,0.99714462439128737081,0.00169484376253765034,0.00116053184617616431
id21492,0.98912334057614625937,0.00490969543620892093,0.00596696398764544854
id27540,0.64468195176370590715,0.00112298376529517633,0.35419506447100146396
id07376,0.20090993046331936944,0.27449556756743148656,0.52459450196925250243
id15201,0.11212669559859345103,0.85050255132696939153,0.03737075307443992606
id23388,0.02829943769083281130,0.94146063045030337069,0.03023993185885816976
id13923,0.07387215525319434928,0.92378046206981168087,0.00234738267699993947
id00794,0.00428344767089651728,0.98421234789438949431,0.01150420443472093511
id23910,0.05914409261191878181,0.15763359977779292653,0.78322230761029076884
id02556,0.02426542507373354723,0.09200256018270581981,0.88373201474356388729
id22151,0.03588524148850737866,0.96353577543879420642,0.00057898307269469698
id11698,0.02759231802099158110,0.86833368709742075886,0.10407399488158872169
id11627,0.27194900473491978588,0.05522071289873452943,0.67283028236634234709
id06340,0.99987746222497719817,0.00007087405776182156,0.00005166371726324645
id05123,0.83813050086775264802,0.04209951407090703479,0.11976998506134108047
id26620,0.03152652785898888560,0.00436776012395658723,0.96410571201705586031
id04002,0.02332778611582586245,0.12043341947181133988,0.85623879441235739574
id26554,0.40580388442994114184,0.25464059031488045504,0.33955552525518001294
id18012,0.20626110010914824877,0.03387169211523548273,0.75986720777562066775
id12964,0.32087429757290508725,0.01730613745444175428,0.66181956497265270745
id18965,0.00494383400105355246,0.52203808229685377817,0.47301808370209363908
id19082,0.14017992822849642542,0.00154473876466690286,0.85827533300684366591
id26742,0.09179203061279825326,0.00046039717940219365,0.90774757220780066813
id15442,0.03912056273662434941,0.95679933282035822817,0.00408010444301817009
id16647,0.60666641753649097613,0.17191197029526014695,0.22142161216824574055
id11544,0.10332876951105726682,0.03240960664998991658,0.86426162383895444030
id20581,0.17946572701909321856,0.05946408950302158741,0.76107018347788613077
id13192,0.25353982230893812311,0.68069727299659354980,0.06576290469446878506
id15814,0.42118766597994772294,0.05912053014969380349,0.51969180387035496249
id26279,0.04754128979908345265,0.94920330569529054454,0.00325540450562613812
id00240,0.98493210194183478112,0.00871824214110277981,0.00634965591706263682
